Run semi-empirical minimization
 &qmmm
    qm_theory='AM1', grms_tol=0.0005,
 scfconv=1.d-10, ndiis_attempts=700,   qmcharge=0,
 /
  13    Al        0.0130       -0.0010        5.8400 
  13   Al1        3.1880        3.7180        4.1600 
  13   Al2       -1.9860        1.8590        5.0000 
  13   Al3        2.0130       -1.8580        5.0000 
   1     H       -2.2680        0.0540        6.7080 
   1    H1       -1.2210        5.2540        4.6320 
   1    H2        2.2900       -0.0510        6.7100 
   1    H3        0.4270        2.1800        4.6380 
   1    H4        5.4690        3.6630        3.2910 
   1    H5        4.4220       -1.5370        5.3680 
   1    H6        0.9110        3.7680        3.2890 
   1    H7        2.7740        1.5370        5.3610 
   1    H8        3.6650        2.4880        0.0010 
   1    H9       -0.4640        1.2290        9.9980 
   6     C        0.5940       -2.2700        7.5010 
   6    C1        0.4520       -3.0140        8.7890 
   6    C2       -0.5700        2.2680        7.5030 
   6    C3       -0.4160        3.0150        8.7890 
   6    C4        2.6070        5.9870        2.4980 
   6    C5        2.7500        6.7320        1.2100 
   6    C6        3.7720        1.4490        2.4960 
   6    C7        3.6170        0.7020        1.2100 
   6    C8        3.6190        1.4000        0.0000 
   6    C9       -0.4180        2.3180        9.9990 
   8     O       -1.9040        0.1080        5.8100 
   8    O1        0.2310       -1.4250        4.6400 
   8    O2       -0.1460       -1.2470        7.3310 
   8    O3        0.6780        4.7530        6.7060 
   8    O4        1.9320       -0.1100        5.8100 
   8    O5       -0.2050        1.4280        4.6440 
   8    O6        0.1730        1.2480        7.3310 
   8    O7       -1.4860        2.6740        6.7140 
   8    O8        5.1050        3.6090        4.1890 
   8    O9        2.9700        5.1420        5.3590 
   8   O10        3.3470        4.9650        2.6680 
   8   O11        2.5230       -1.0350        3.2940 
   8   O12        1.2690        3.8270        4.1890 
   8   O13        3.4060        2.2890        5.3560 
   8   O14        3.0290        2.4700        2.6690 
   8   O15        4.6870        1.0430        3.2850 
   8   O16        4.1320       -2.9740        8.3450 
   6   C10        3.2340        3.3020        8.3380 
   8   O17        3.1590        2.1450        8.3310 

